Segment Id
5216188,
8030629,
5477133,
3984687,
2210344,
8845149,
8845135,
4721694,
7902903,
4842026,
2601420,
9806482,
9741707,
7561785,
5618465,
8218173,
7664743,
7664759,
1465014,
5408954,
2325553,
3971604,
7210374,
4542992,
620190,
2293385,
7220737,
7567729,
5549262,
7623302,
4577020,
8289380,
8471089,
5122397,
5033499,
4043578,
2273226,
5738726,
8218198,
3635853,
7909467,
7746142,
9810257,
9942096,
7837337,
7837316,
7207101,
9407958,
8506717,
619928,
5203457,
7468435,
846855,
2247422,
4857078,
8340901,
4257388,
9283716,
7168821,
7816247,
8285528,
3995722,
9953219,
6579600,
7969450,
641590,
3467548,
5356218,
1482962,
8340906,
7663799,
7110214,
4783873,
5083082,
2077279,
7249201,
7339348,
9178456,
9016841,
7155607,
5265019,
7390409,
3678220,
4302187,
4395959,
3923332,
7869181,
2679544,
9791841,
3795805,
9381669,
5629237,
9594418,
4056583,
9376053,
9376058,
7403816,
9728987,
8466794,
5178703,
9091779,
3920182,
7871556,
4942078,
9907159,
9378588,
9378521,
2282652,
4153754,
9766901,
2064369,
7762338,
7105518,
9876265,
5136278,
5136476,
9876327,
4746255,
8244019,
5136322,
5136455,
9166741,
4000554,
3862154,
9624501,
5531594,
1597100,
8407170,
6029570,
7796884,
7130663,
7928530,
5606469,
5661836,
2250726,
7832701,
3909799,
2519394,
4447443,
5966419,
7621974,
1281168,
1681439,
8496896,
2366786,
5040996,
5041019,
4966784,
4961456,
4905646,
4837277,
5884967,
8411906,
2654695,
5889200,
6727887,
9910824,
5110940,
8002103,
4412398,
9675232,
4316990,
7910889,
2738234,
2738237,
7555550,
7922558,
9465634,
7905632,
4532374,
7496470,
10081568,
10096425,
4616341,
7555554,
8234203,
5290507,
4022969,
7930965,
7930971,
5314665,
8333711,
7898984,
7764740,
5779702,
5684868,
9654705,
10024133,
5534157,
9644262,
4111021,
7930368,
6966254,
8840743,
9261409,
9256952,
5363908,
5171353,
1781114,
5398632,
1773484,
4578027,
9822403,
5171336,
5171384,
7930732,
7252764,
9899737,
9499351,
8840726,
8840692,
7824082,
7252714,
5158109,
7337125,
7337126,
9664477,
9583078,
9562416,
7922147,
1829573,
5800507,
7113884,
7719720,
9369977,
3664681,
5167632,
5167565,
5675999,
7086069,
2319355,
1341872,
9340497,
5443065,
9906474,
5141559,
2255032,
1829595,
5314419,
5945546,
7199323,
5272198,
4343934,
1463330,
5123390,
7778823,
3705398,
9316667,
9456725,
7720114,
5123433,
5123397,
9643212,
2177312,
2120375,
2728057,
9939887,
4111028,
7232878,
9647492,
7232863,
1262801,
686777,
1809040,
9665197,
1871599,
4190603,
4190620,
4665294,
5669633,
9610886,
6865145,
2189805,
9939905,
10097115,
5629062,
9610865,
7726847,
8204983,
4879021,
5594509,
5589302,
2255216,
5642631,
5123370,
665695,
7454801,
5642636,
1314884,
8299077,
9760981,
9316569,
6644968,
9582617,
7790439,
7866633,
7866602,
5629084,
8771193,
4456379,
4456333,
9625444,
5757546,
8204074,
829944,
2591863,
2591860,
4506331,
1443163,
7339672,
2233276,
3757306,
9527484,
768108,
5669579,
4364699,
7453893,
9240711,
10097110,
686771,
7848786,
9127081,
666068,
8343233,
7019119,
5123445,
666065,
5123466,
5655579,
2509283,
1940833,
4134114,
2686149,
4052510,
7453921,
7453828,
9586447,
1224612,
7633666,
9760946,
4950072,
4484244,
9844073,
9917983,
4607058,
8120225,
2417003,
1520662,
2525647,
3795120,
9179654,
7085257,
7377328,
8160801,
5731587,
2124180,
9598670,
7085300,
8290730,
7568767,
5303542,
7276769,
10065296,
4129269,
4173810,
9948134,
7453840,
7453859,
8086976,
4186220,
7126083,
8160772,
9966568,
8015914,
7749595,
1504473,
9844029,
7730630,
1520160,
1896831,
8155325,
2246185,
1608042,
7106748,
1489543,
5021881,
1753374,
4602463,
4945029,
2456666,
9591561,
4602472,
4237667,
4301213,
2391201,
9948143,
3723319,
9587914,
7397592,
5123740,
9948165,
5594473,
5400138,
2367565,
8261744,
9357828,
8328217,
8466800,
5149304,
4301827,
4467358,
9966560,
2377930,
9599044,
6981631,
1836979,
2003281,
4187241,
7435923,
9984501,
5130365,
2658830,
9229808,
9229800,
7727091,
7481514,
9179933,
2046231,
8258515,
3606939,
2353234,
5920457,
3626796,
9966600,
9896078,
4162784,
9896080,
2189508,
9344399,
7841490,
1753270,
2155319,
3684298,
9896082,
9384940,
4952102,
9316359,
9898212,
9344408,
8466803,
8466807,
5123979,
7897257,
2027245,
4957106,
8328209,
6967782,
1828963,
3956796,
5105351,
8466809,
7146889,
1690240,
4582524,
4023855,
8341036,
5779141,
2396700,
4125262,
3956747,
1527026,
7365694,
3589694,
2003299,
5598293,
7928767,
1686389,
8341061,
8024989,
9254883,
2743948,
8011236,
5047950,
2148634,
8338809,
3626751,
5081228,
1723962,
8328206,
9639299,
9571044,
8341009,
5124304,
2401469,
7234986,
638465,
2406061,
7864025,
2580251,
7358898,
2040149,
2942643,
5399285,
4493642,
1926379,
1202396,
5216737,
1708253,
9451183,
7246210,
9368066,
4134107,
9896035,
7647720,
2452577,
8253279,
9636573,
1463174,
1549124,
2572322,
9368058,
9324134,
10078496,
8341007,
8341063,
3756959,
8204306,
3862249,
5541573,
4052913,
4052894,
1704510,
7373547,
7373477,
5947446,
662841,
9911222,
5216708,
4945088,
7508215,
3903486,
1467745,
9296464,
7013035,
4134139,
2821511,
1741155,
695541,
7358455,
3872062,
3872468,
5907148,
4237616,
4475558,
7762246,
4475637,
3836260,
9915309,
9915275,
7365674,
9384680,
7524029,
2534537,
7373492,
7373509,
1573220,
7089116,
8471246,
4942054,
9632135,
7239058,
7255929,
9896043,
9888698,
4547300,
4993268,
7109785,
2452542,
7699497,
9287872,
2320343,
2726104,
2259169,
4114104,
7797023,
2230800,
4291638,
6119622,
4960660,
2470062,
1786386,
1125426,
1125414,
7240298,
1945099,
7526209,
4652409,
7381902,
5263148,
1673150,
6832324,
8471241,
5408170,
9437821,
1124249,
9437813,
7961433,
5066827,
5652551,
8218124,
5639424,
1220690,
7132415,
3984696,
4130898,
4301854,
2026225,
1238255,
5904962,
5861932,
9786589,
3973388,
1945119,
7555574,
8218162,
1581256,
8341069,
8340994,
1110482,
4593022,
1222218,
4801826,
1092899,
9969531,
6984011,
7253948,
8340978,
4994273,
5266367,
7158172,
8471113,
2453599,
7664751,
5377402,
846254,
5801669,
4032453,
5108280,
5107976,
5108128,
5370010,
8218153,
7664747,
7074151,
7987390,
8471262,
9978723,
2422801,
7671466,
2273169,
8218181,
9228169,
620191,
674426,
7849363,
1176830,
1840013,
7381906,
7558146,
5807951,
5794480,
7364058,
7364050,
8162524,
7246604,
5642111,
6983389,
4435681,
4364673,
1553155,
2360882,
1919327,
3862246,
9451299,
9971201,
9787910,
9395740,
5369794,
7671540,
2155212,
8441614,
7165169,
5836376,
2905975,
5400149,
5064553,
9875210,
8218187,
4674973,
3973465,
9953254,
9953310,
9953335,
7397655,
1558064,
8191384,
3935173,
8435226,
4357119,
7042772,
4399715,
4946210,
5440819,
2644124,
2436595,
674416,
2227344,
7058078,
6570267,
8346351,
5724936,
2377404,
660047,
4756297,
9437963,
4950615,
9035147,
9598679,
1341399,
8471083,
8435223,
6500142,
6346047,
4966267,
9915375,
9915341,
9794893,
4789165,
2255455,
3586991,
7715367,
7194264,
7605821,
1528851,
1844227,
2378285,
5119638,
2428863,
7381903,
1207529,
4475591,
1612261,
7726857,
1844295,
10024772,
7207436,
8218205,
1967133,
1967115,
1966877,
2189002,
1241575,
8435240,
5195527,
4475658,
7055794,
7207108,
8188997,
4946203,
4945396,
9953240,
5093675,
8155475,
5356259,
5356236,
4891929,
7088497,
7207128,
4675046,
4226285,
7715377,
1966767,
1332778,
1966989,
698140,
7289135,
9170981,
5684736,
7214441,
2660222,
4876174,
7494944,
8065811,
7035442,
2380242,
7381899,
4859978,
847702,
8154966,
1597955,
5205004,
9583124,
8285500,
9801562,
8218112,
7194272,
7564727,
4807137,
4782547,
4782480,
7059627,
7263943,
1841259,
9229157,
4577913,
2118177,
1580813,
6957668,
1318928,
5056303,
3911810,
4407602,
7691927,
4359847,
3972955,
3987784,
8269642,
3992347,
3992303,
1470693,
4529696,
638462,
1309371,
1167993,
4761650,
4233273,
7447508,
5346406,
5111010,
5298758,
7931663,
4661224,
4661233,
8488879,
9365748,
4953461,
7736366,
4070342,
5298710,
7945343,
2250654,
9178445,
4782531,
4475516,
4475512,
7323298,
1450840,
9949777,
5019507,
8509360,
7878458,
8319482,
7342430,
8218213,
7616081,
1966923,
3463202,
1727711,
5618246,
4287760,
5629333,
2380106,
5291046,
7608833,
3987787,
3972968,
5111017,
2053661,
4849377,
3640545,
7368534,
1796773,
5599185,
2561297,
8069439,
7246583,
9511791,
9035111,
4163891,
8088268,
7055786,
1382585,
8318291,
1318931,
9865945,
7468631,
7468615,
6586157,
7154748,
5629293,
8045671,
1166949,
8509362,
7827567,
5629289,
4782542,
9564216,
4782473,
5677110,
8435294,
7836075,
3465585,
5298841,
10002675,
5629282,
7640039,
5898188,
3286200,
8435249,
2026177,
3904550,
7673611,
4302162,
9494677,
5322846,
5322860,
9384536,
9381664,
4858989,
7968712,
5407791,
7344278,
4127278,
5135055,
8290782,
7381895,
7477407,
8062429,
9857920,
7390415,
7719618,
2318458,
2148542,
4901982,
4747644,
5037873,
5382563,
7526221,
9766995,
4849935,
2440712,
5120396,
8340927,
1597941,
4237215,
4830910,
5440800,
9763770,
2562470,
10091467,
7993249,
4105275,
9035139,
7640027,
7660955,
4380835,
7390014,
4315259,
5529832,
5893530,
4127268,
9612422,
4675080,
4612424,
4070352,
7055762,
4000534,
4000518,
9040837,
9568855,
5684751,
2268773,
3920264,
9981945,
1381306,
7543475,
9384545,
4102383,
7706794,
8341082,
4956633,
7390418,
1240740,
7671640,
8549805,
1844641,
3782999,
9381661,
4163909,
9704507,
9742771,
2373639,
1525323,
9378567,
9378527,
10091508,
2319302,
2355136,
9742746,
5099936,
5271835,
1382879,
1632897,
7055758,
5554957,
9281489,
4665993,
7671565,
2026147,
2026155,
4000937,
9921358,
4749595,
1382851,
1691658,
9911253,
8466814,
7594691,
9742797,
9742727,
9224487,
9911257,
8504552,
5238589,
4564521,
8290912,
10043579,
9612425,
7340014,
9035201,
8504560,
4933582,
4138923,
4475505,
4015534,
9365811,
3911797,
5020846,
5021099,
7301730,
7389995,
5408545,
10091525,
3512390,
5726169,
9911342,
2317004,
10076003,
9908038,
7305960,
7301870,
9763782,
10091553,
10066859,
4287481,
2775429,
9901957,
7305979,
1800086,
10074699,
10066874,
2470037,
2582846,
8504576,
1595990,
7206683,
2026141,
9876296,
7380362,
9965581,
8356238,
7787277,
4021107,
2465192,
2377919,
2721267,
2721281,
5002717,
5020167,
4784498,
4287413,
6720522,
4090814,
1959999,
5136443,
5136353,
2137599,
7423549,
4922402,
4044489,
5235770,
5272056,
4016320,
10057666,
2437832,
9876316,
2367496,
7562553,
4021201,
5030906,
7337934,
3689574,
1724156,
4734696,
4348486,
1595994,
3907524,
9057450,
4021072,
9908022,
2239411,
8504570,
7883512,
7648182,
2334531,
2319228,
10007409,
6609639,
1712996,
9911355,
9911244,
4702584,
7775198,
9856453,
3909770,
7381926,
3607473,
5021118,
2404970,
1570763,
4564564,
7787250,
3626768,
5542714,
7951035,
5020154,
1374587,
9643923,
2437203,
7611998,
7611987,
1903871,
5136460,
5136313,
2640846,
8286531,
4294874,
4298436,
9495695,
10066275,
7373419,
9908033,
7364395,
7307452,
1903903,
2640859,
2367472,
8496950,
4005996,
7037134,
1506998,
10019224,
2931157,
3875909,
2367478,
4005988,
9603283,
10003097,
7928540,
4734630,
5021016,
8496940,
2405677,
3873404,
10056227,
3919537,
7194792,
5136289,
4564490,
4562788,
4070238,
4070257,
7787240,
2230804,
5020921,
5136247,
9284216,
5020826,
4525059,
7928565,
2350865,
2470100,
2470089,
10128189,
10128157,
7918578,
3272144,
1648431,
9612402,
8496931,
4242368,
4447373,
3992641,
3746541,
7213580,
9500419,
9733862,
8496920,
7037129,
5084549,
7708544,
3919524,
7155634,
1940251,
1544492,
8496914,
7787245,
8094182,
3939568,
7978902,
3939590,
6875169,
9293143,
7708520,
8301305,
5639753,
2366815,
4564473,
9444895,
7281284,
9413273,
9293110,
3738650,
9441129,
4437967,
5191837,
7037143,
8549723,
3683259,
5525688,
7526046,
7213616,
7666768,
10066267,
7168883,
5526450,
7625984,
5717172,
9395786,
2405675,
2405679,
1254443,
4301920,
3019389,
5542627,
8293246,
9315577,
4587930,
9884565,
1702733,
4538563,
4541166,
4904415,
5679710,
10114858,
7871533,
7871551,
9612155,
1374618,
1374613,
2606243,
7570000,
5111846,
10114871,
9883305,
7706686,
8383176,
4234817,
10114875,
7933507,
7930359,
9539258,
7506077,
7051676,
3677898,
3908145,
8327390,
2401543,
5884712,
2401513,
9789399,
9612162,
10114762,
7575004,
7575089,
2561102,
5103278,
9249582,
9980652,
5436506,
4539176,
1966977,
1966945,
8151857,
9651718,
4305459,
7137679,
7137651,
1488334,
7518630,
2277371,
8496851,
10114843,
10086973,
7220371,
8327766,
10105694,
4665578,
8996699,
10087008,
9734107,
1216650,
5187950,
1354968,
7904513,
1924991,
2804365,
8144763,
10020699,
10086967,
10035725,
9733833,
7481419,
10114888,
2272505,
2936255,
7797964,
3879097,
7931272,
7771263,
4129567,
4358679,
9563919,
7039920,
5716543,
10114837,
9284012,
10114904,
9229294,
7130526,
2936225,
9375311,
7585486,
8168053,
7130519,
7544690,
3900272,
3605978,
8096505,
2660352,
4428284,
5110949,
2738163,
2598279,
3949048,
8367713,
3916289,
3965269,
2797751,
4837508,
1384653,
9579137,
7904492,
9632139,
7071164,
4456119,
9932907,
5719752,
1400779,
2319615,
5191155,
5684284,
7733593,
7404537,
9996446,
4966806,
4966816,
9102671,
7668299,
7439453,
9147218,
4461966,
7185872,
2936195,
2936161,
8214513,
4599187,
8911031,
2739416,
2437246,
2224868,
2920035,
9649257,
7345644,
1446258,
4488646,
7668284,
5719730,
7649595,
5550700,
10081688,
4247279,
9910815,
9974858,
7733583,
7555547,
3272225,
8190804,
7922575,
4614332,
8444243,
10105807,
10131867,
7555545,
7930945,
1551162,
9582958,
2644188,
7922565,
7930976,
2026357,
5259198,
5000698,
2926053,
2599730,
9910798,
2593383,
2593418,
2576800,
4006503,
8292832,
1596097,
9519355,
7984103,
2595034,
2595041,
7049700,
10004117,
2901191,
9974281,
2644194,
1651134,
1651141,
8275127,
7397960,
7719834,
2741482,
9269816,
9269759,
3968311,
7871407,
2915645,
4646614,
4157512,
7252440,
2651835,
8229335,
8202016,
4624939,
7651648,
7321555,
8868514,
9561174,
9561186,
8535417,
7719805,
7676725,
10111033,
10111074,
9335672,
4533520,
9656562,
7157792,
4111010,
7169002,
2909593,
3789580,
8103037,
8102939,
4110953,
4111034,
4107927,
4110920,
8102960,
8165484,
4376495,
9501228,
3568651,
8765645,
7548215,
7548220,
4761930,
4413054,
2373954,
9261613,
7654141,
4508431,
9290204,
4022761,
9710366,
9422723,
10075985,
